   0.0000000000000000        9.7852962240542514     
   10.000000000000000        19.653711055746040     
   20.000000000000000        28.872324161330347     
   30.000000000000000        38.446183490552201     
   40.000000000000000        47.736027417980807     
   50.000000000000000        56.836577213187020     
   60.000000000000000        66.339224153927532     
   70.000000000000000        76.392082252038776     
   80.000000000000000        85.584737206851003     
   90.000000000000000        94.742998605879208     
   100.00000000000000        103.94431558583302     
   110.00000000000000        114.13568119786981     
   120.00000000000000        123.39001881744642     
   130.00000000000000        132.98641837865759     
   140.00000000000000        142.76099285185299     
   150.00000000000000        152.06687963261908     
   160.00000000000000        161.83665184763581     
   170.00000000000000        171.30116657353966     
   180.00000000000000        180.25452230680699     
   190.00000000000000        189.80684844922965     
   200.00000000000000        198.86649612022234     
   210.00000000000000        208.64614368523732     
   220.00000000000000        218.31868066053750     
   230.00000000000000        227.76335394606826     
   240.00000000000000        237.48879619960348     
   250.00000000000000        246.69409375811972     
   260.00000000000000        256.78366215255687     
   270.00000000000000        266.57601509355828     
   280.00000000000000        275.89646069915653     
   290.00000000000000        285.28074363408581     
   300.00000000000000        294.86696398747796     
   310.00000000000000        304.27711964326340     
   320.00000000000000        313.64509977931363     
   330.00000000000000        322.90203091097050     
   340.00000000000000        331.49800949490930     
   350.00000000000000        341.33441663158817     
   360.00000000000000        350.76061635116793     
   370.00000000000000        360.37151656479028     
   380.00000000000000        369.05851470224025     
   390.00000000000000        378.43151574607560     
   400.00000000000000        387.32967421552320     
   410.00000000000000        396.95376837012321     
   420.00000000000000        406.13646998349861     
   430.00000000000000        415.87554777966812     
   440.00000000000000        425.11106609330056     
   450.00000000000000        435.05048127713735     
   460.00000000000000        444.73784732824703     
   470.00000000000000        454.24854116447011     
   480.00000000000000        463.54492033184977     
   490.00000000000000        473.39237607115462     
   500.00000000000000        483.35434216753754     
   510.00000000000000        492.93436069693377     
   520.00000000000000        501.68777414993008     
   530.00000000000000        510.76289090470812     
   540.00000000000000        520.23451556308009     
   550.00000000000000        529.39037837591400     
   560.00000000000000        538.87582972929715     
   570.00000000000000        548.12648068475710     
   580.00000000000000        557.61065254189464     
   590.00000000000000        566.69320678748431     
   600.00000000000000        576.18182433800973     
   610.00000000000000        585.11941999726378     
   620.00000000000000        594.41481469407461     
   630.00000000000000        603.95251622191370     
   640.00000000000000        613.26441789698504     
   650.00000000000000        622.20738032327824     
   660.00000000000000        631.20294660328273     
   670.00000000000000        641.05055738607768     
   680.00000000000000        650.60643856032061     
   690.00000000000000        659.75388420649381     
   700.00000000000000        669.52535980198809     
   710.00000000000000        678.86753838197762     
   720.00000000000000        688.55854817017678     
   730.00000000000000        698.37527921946037     
   740.00000000000000        708.00405629527449     
   750.00000000000000        717.89850876934918     
   760.00000000000000        727.67474994282122     
   770.00000000000000        736.87846271085994     
   780.00000000000000        746.57423377676855     
   790.00000000000000        755.65091172891471     
   800.00000000000000        765.39165795003714     
   810.00000000000000        774.06895287902887     
   820.00000000000000        783.22826586310055     
   830.00000000000000        792.42368537379298     
   840.00000000000000        802.07970375281616     
   850.00000000000000        811.38108025088320     
   860.00000000000000        820.99730486368105     
   870.00000000000000        830.24358974155143     
   880.00000000000000        838.78111497596251     
   890.00000000000000        848.10439144422367     
   900.00000000000000        857.20665675626276     
   910.00000000000000        866.70997385727185     
   920.00000000000000        876.43622534215763     
   930.00000000000000        886.19200009406825     
   940.00000000000000        895.65232189118001     
   950.00000000000000        905.44749254942155     
   960.00000000000000        914.23726020361437     
   970.00000000000000        923.35909220545500     
   980.00000000000000        933.27149051682431     
   990.00000000000000        942.70991764948178     
   1000.0000000000000        951.73380420484182     
   1010.0000000000000        960.79113580807189     
   1020.0000000000000        970.53544266263475     
   1030.0000000000000        980.15715785529051     
   1040.0000000000000        989.76634284527961     
   1050.0000000000000        999.28142971209093     
   1060.0000000000000        1008.9824401766029     
   1070.0000000000000        1018.9291316443480     
   1080.0000000000000        1029.0388446886163     
   1090.0000000000000        1038.7201936052093     
   1100.0000000000000        1048.3879935634634     
   1110.0000000000000        1057.9968213722927     
   1120.0000000000000        1067.5883295962408     
   1130.0000000000000        1077.3152816519971     
   1140.0000000000000        1086.3568805740524     
   1150.0000000000000        1095.8288520393739     
   1160.0000000000000        1104.7484797394416     
   1170.0000000000000        1114.6157663031640     
   1180.0000000000000        1124.1278798995631     
   1190.0000000000000        1133.3792429614857     
   1200.0000000000000        1143.1406441385268     
   1210.0000000000000        1152.7615790240795     
   1220.0000000000000        1162.3399092356892     
   1230.0000000000000        1171.7341190785189     
   1240.0000000000000        1181.1605599457557     
   1250.0000000000000        1190.9639280218262     
   1260.0000000000000        1200.3336146700794     
   1270.0000000000000        1210.6638154277016     
   1280.0000000000000        1220.0820403938149     
   1290.0000000000000        1229.8689994357021     
   1300.0000000000000        1239.1988947603111     
   1310.0000000000000        1248.8257950527379     
   1320.0000000000000        1258.9280998721697     
   1330.0000000000000        1268.6644432063110     
   1340.0000000000000        1277.7750371358961     
   1350.0000000000000        1287.0853167631387     
   1360.0000000000000        1296.7119653548873     
   1370.0000000000000        1306.1799874005681     
   1380.0000000000000        1315.7987742386397     
   1390.0000000000000        1324.6217550798226     
   1400.0000000000000        1334.2485537724501     
   1410.0000000000000        1343.2331291080516     
   1420.0000000000000        1352.8145637171212     
   1430.0000000000000        1363.1524885990186     
   1440.0000000000000        1373.2752225887812     
   1450.0000000000000        1383.0293930237681     
   1460.0000000000000        1392.3396750253769     
   1470.0000000000000        1402.0736091958370     
   1480.0000000000000        1411.9218951134862     
   1490.0000000000000        1421.9026154253793     
   1500.0000000000000        1431.1518001103152     
   1510.0000000000000        1440.0610626193416     
   1520.0000000000000        1449.6258091888665     
   1530.0000000000000        1458.6655315629300     
   1540.0000000000000        1468.6935687287603     
   1550.0000000000000        1478.3118996251671     
   1560.0000000000000        1487.2900904521955     
   1570.0000000000000        1496.4228073713746     
   1580.0000000000000        1505.6551068873825     
   1590.0000000000000        1515.2431788434315     
   1600.0000000000000        1524.8060832799299     
   1610.0000000000000        1534.0502187125273     
   1620.0000000000000        1543.5020783455448     
   1630.0000000000000        1553.0114489518110     
   1640.0000000000000        1563.0970646658911     
   1650.0000000000000        1573.4792010212393     
   1660.0000000000000        1583.1638633501154     
   1670.0000000000000        1592.1719060033047     
   1680.0000000000000        1601.6485292364998     
   1690.0000000000000        1611.1335603706366     
   1700.0000000000000        1620.4683124729536     
   1710.0000000000000        1630.1790986382032     
   1720.0000000000000        1639.2556961933215     
   1730.0000000000000        1648.8984737032220     
   1740.0000000000000        1658.6183724842397     
   1750.0000000000000        1667.7699748056898     
   1760.0000000000000        1677.2089661920581     
   1770.0000000000000        1686.4905590913870     
   1780.0000000000000        1695.8671873370586     
   1790.0000000000000        1705.9466922933225     
   1800.0000000000000        1715.1809893828333     
   1810.0000000000000        1723.8648633284261     
   1820.0000000000000        1732.8269550777543     
   1830.0000000000000        1742.7101831487048     
   1840.0000000000000        1752.0617986901566     
   1850.0000000000000        1761.3916414459868     
   1860.0000000000000        1769.6476030888591     
   1870.0000000000000        1778.8294479253734     
   1880.0000000000000        1788.2142051370270     
   1890.0000000000000        1798.4067460678034     
   1900.0000000000000        1808.1202306568630     
   1910.0000000000000        1817.9058015076355     
   1920.0000000000000        1827.4536728618873     
   1930.0000000000000        1836.8725742750835     
   1940.0000000000000        1847.1739036820982     
   1950.0000000000000        1856.5481424402944     
   1960.0000000000000        1866.1135081896298     
   1970.0000000000000        1875.4125633303986     
   1980.0000000000000        1885.5289912580085     
   1990.0000000000000        1894.8085785576400     
   2000.0000000000000        1904.2368540798036     
   2010.0000000000000        1913.4416693614317     
   2020.0000000000000        1922.4416708350277     
   2030.0000000000000        1932.5104392276703     
   2040.0000000000000        1942.1389682182225     
   2050.0000000000000        1951.4443809873803     
   2060.0000000000000        1962.0010756295292     
   2070.0000000000000        1971.0414919561499     
   2080.0000000000000        1979.9790812302563     
   2090.0000000000000        1989.4295939567944     
   2100.0000000000000        1998.9974270190492     
   2110.0000000000000        2007.8577442303581     
   2120.0000000000000        2017.2879020797420     
   2130.0000000000000        2027.3245723912007     
   2140.0000000000000        2036.6891998978103     
   2150.0000000000000        2046.0221477182531     
   2160.0000000000000        2054.9113929486298     
   2170.0000000000000        2064.8811421987980     
   2180.0000000000000        2074.0237876118867     
   2190.0000000000000        2083.8904041307583     
   2200.0000000000000        2093.6901466049312     
   2210.0000000000000        2103.5089347955554     
   2220.0000000000000        2113.2133912945746     
   2230.0000000000000        2122.7303055727507     
   2240.0000000000000        2132.4933627444475     
   2250.0000000000000        2142.0104062845016     
   2260.0000000000000        2151.3600044154214     
   2270.0000000000000        2160.8414908947293     
   2280.0000000000000        2170.4712360366007     
   2290.0000000000000        2179.3169921717158     
   2300.0000000000000        2188.6493908998018     
   2310.0000000000000        2197.7586259616291     
   2320.0000000000000        2206.3531845506432     
   2330.0000000000000        2215.9321235425723     
   2340.0000000000000        2225.8586450766079     
   2350.0000000000000        2235.2281279728199     
   2360.0000000000000        2244.2762965866891     
   2370.0000000000000        2252.8457042443870     
   2380.0000000000000        2261.9954462585633     
   2390.0000000000000        2271.0595450352125     
   2400.0000000000000        2280.1850983514764     
   2410.0000000000000        2289.6013951239397     
   2420.0000000000000        2298.4276572909585     
   2430.0000000000000        2307.6007688403106     
   2440.0000000000000        2316.9208155868337     
   2450.0000000000000        2326.4109787155512     
   2460.0000000000000        2335.5873820324446     
   2470.0000000000000        2344.8268584122161     
   2480.0000000000000        2353.6149607307225     
   2490.0000000000000        2362.9650844079761     
   2500.0000000000000        2373.0741054448076     
   2510.0000000000000        2382.1479424840809     
   2520.0000000000000        2392.1058108561574     
   2530.0000000000000        2402.3254855868631     
   2540.0000000000000        2411.0532211302716     
   2550.0000000000000        2420.0926377990031     
   2560.0000000000000        2430.3165925918065     
   2570.0000000000000        2439.1936959635941     
   2580.0000000000000        2448.9457769832575     
   2590.0000000000000        2458.6056951097235     
   2600.0000000000000        2467.4166161734101     
   2610.0000000000000        2476.7527972654466     
   2620.0000000000000        2486.2199476350838     
   2630.0000000000000        2495.3997930284668     
   2640.0000000000000        2505.6730536822843     
   2650.0000000000000        2515.0756493796448     
   2660.0000000000000        2524.2876138058741     
   2670.0000000000000        2533.5689710134025     
   2680.0000000000000        2543.6949215680502     
   2690.0000000000000        2553.1102307244723     
   2700.0000000000000        2562.9817870780212     
   2710.0000000000000        2573.1487189316167     
   2720.0000000000000        2581.7802453006366     
   2730.0000000000000        2590.5709901101141     
   2740.0000000000000        2599.8766122026736     
   2750.0000000000000        2609.0990130994369     
   2760.0000000000000        2619.1743140678195     
   2770.0000000000000        2628.6914807029420     
   2780.0000000000000        2638.3431666860761     
   2790.0000000000000        2647.7758876615758     
   2800.0000000000000        2657.4047180467774     
   2810.0000000000000        2666.5025078054864     
   2820.0000000000000        2675.8852928239876     
   2830.0000000000000        2685.0654480199873     
   2840.0000000000000        2694.8793855083113     
   2850.0000000000000        2703.6271845915471     
   2860.0000000000000        2712.5771780762957     
   2870.0000000000000        2722.3078877591479     
   2880.0000000000000        2732.0786098416465     
   2890.0000000000000        2741.4039055482658     
   2900.0000000000000        2751.0059457218517     
   2910.0000000000000        2761.0122185335913     
   2920.0000000000000        2770.0756521931494     
   2930.0000000000000        2779.6792524110670     
   2940.0000000000000        2788.7760575933130     
   2950.0000000000000        2797.9857505121277     
   2960.0000000000000        2807.7877206234352     
   2970.0000000000000        2817.0809574083009     
   2980.0000000000000        2826.8832023483997     
   2990.0000000000000        2836.0921366993780     
   3000.0000000000000        2845.4308751519684     
   3010.0000000000000        2855.0679759533023     
   3020.0000000000000        2863.8774575534671     
   3030.0000000000000        2872.5476628782221     
   3040.0000000000000        2881.7297085923133     
   3050.0000000000000        2891.2605971545972     
   3060.0000000000000        2900.6596970737974     
   3070.0000000000000        2910.1515751696088     
   3080.0000000000000        2920.0349913820214     
   3090.0000000000000        2929.5226235702535     
   3100.0000000000000        2938.7899948778040     
   3110.0000000000000        2948.3282745178640     
   3120.0000000000000        2958.3208925474669     
   3130.0000000000000        2967.6853828026042     
   3140.0000000000000        2976.9778799653218     
   3150.0000000000000        2986.7212715587384     
   3160.0000000000000        2995.4078752530418     
   3170.0000000000000        3004.2592425278895     
   3180.0000000000000        3013.8479899376584     
   3190.0000000000000        3022.5746248087280     
   3200.0000000000000        3031.8605029949499     
   3210.0000000000000        3041.5865905722089     
   3220.0000000000000        3050.3169733168315     
   3230.0000000000000        3059.7006143242834     
   3240.0000000000000        3069.5854502716638     
   3250.0000000000000        3078.4741007344951     
   3260.0000000000000        3088.3486222890742     
   3270.0000000000000        3098.0460903190606     
   3280.0000000000000        3107.3012194843054     
   3290.0000000000000        3116.6838591557430     
   3300.0000000000000        3126.1832972265797     
   3310.0000000000000        3135.6788128161284     
   3320.0000000000000        3144.9902666732914     
   3330.0000000000000        3154.7036549367226     
   3340.0000000000000        3163.6879014027299     
   3350.0000000000000        3172.8397057489697     
   3360.0000000000000        3182.0087623450181     
   3370.0000000000000        3191.6740875738124     
   3380.0000000000000        3200.6584917757705     
   3390.0000000000000        3209.5537658511867     
   3400.0000000000000        3218.5577513830085     
   3410.0000000000000        3228.6069036078338     
   3420.0000000000000        3238.0724036378260     
   3430.0000000000000        3248.2178247940692     
   3440.0000000000000        3257.0695381271134     
   3450.0000000000000        3266.7835302851267     
   3460.0000000000000        3276.6915699164169     
   3470.0000000000000        3286.2585870273383     
   3480.0000000000000        3295.3796291718868     
   3490.0000000000000        3304.9382323049404     
   3500.0000000000000        3314.5872217706601     
   3510.0000000000000        3323.7261874985415     
   3520.0000000000000        3332.8150980373498     
   3530.0000000000000        3342.3256353803245     
   3540.0000000000000        3351.9342781545338     
   3550.0000000000000        3360.8689685356139     
   3560.0000000000000        3370.4498635534292     
   3570.0000000000000        3380.1835331040479     
   3580.0000000000000        3389.4996197630817     
   3590.0000000000000        3399.2857086722338     
   3600.0000000000000        3409.3843003425509     
   3610.0000000000000        3418.2545003430250     
   3620.0000000000000        3427.6128864965626     
   3630.0000000000000        3436.7982909183411     
   3640.0000000000000        3446.2917981756964     
   3650.0000000000000        3455.7237132043001     
   3660.0000000000000        3465.1254743509826     
   3670.0000000000000        3474.2452195023197     
   3680.0000000000000        3483.9941583057107     
   3690.0000000000000        3493.8253995284304     
   3700.0000000000000        3503.3577506376532     
   3710.0000000000000        3513.1915098919876     
   3720.0000000000000        3522.9833358586684     
   3730.0000000000000        3532.5906814188502     
   3740.0000000000000        3542.4489822740402     
   3750.0000000000000        3551.3767950558890     
   3760.0000000000000        3561.1126946786690     
   3770.0000000000000        3570.4083858145937     
   3780.0000000000000        3579.9487699458996     
   3790.0000000000000        3589.4422043540853     
   3800.0000000000000        3599.0083859856472     
   3810.0000000000000        3608.4640400137296     
   3820.0000000000000        3617.9057322644117     
   3830.0000000000000        3628.2872966496147     
   3840.0000000000000        3638.0690134508309     
   3850.0000000000000        3648.2714167293411     
   3860.0000000000000        3658.3784474221084     
   3870.0000000000000        3667.5837187703200     
   3880.0000000000000        3677.3512608737778     
   3890.0000000000000        3686.7613232494800     
   3900.0000000000000        3697.2711951307547     
   3910.0000000000000        3707.0131342683267     
   3920.0000000000000        3717.0398724485171     
   3930.0000000000000        3726.4621448149842     
   3940.0000000000000        3735.9843972632380     
   3950.0000000000000        3745.7348486439287     
   3960.0000000000000        3755.2129712018973     
   3970.0000000000000        3765.0082005105978     
   3980.0000000000000        3774.6701418932557     
   3990.0000000000000        3783.7299390826615     
   4000.0000000000000        3793.3364193024490     
   4010.0000000000000        3802.3963071943558     
   4020.0000000000000        3811.3390272989836     
   4030.0000000000000        3820.8666191469192     
   4040.0000000000000        3830.6023647190846     
   4050.0000000000000        3839.8508322334660     
   4060.0000000000000        3850.1633369833417     
   4070.0000000000000        3858.9589105897303     
   4080.0000000000000        3868.1068299942303     
   4090.0000000000000        3878.2685474038926     
   4100.0000000000000        3888.4120286102193     
   4110.0000000000000        3898.1186507866587     
   4120.0000000000000        3907.6359559973853     
   4130.0000000000000        3916.3357467670571     
   4140.0000000000000        3925.0753793685894     
   4150.0000000000000        3934.8649003185074     
   4160.0000000000000        3943.8169889099881     
   4170.0000000000000        3953.8288595834847     
   4180.0000000000000        3963.4733415491819     
   4190.0000000000000        3972.8015091129641     
   4200.0000000000000        3981.9482803542337     
   4210.0000000000000        3990.8491033396326     
   4220.0000000000000        3999.7980142837064     
   4230.0000000000000        4009.3839580898889     
   4240.0000000000000        4018.7574515431461     
   4250.0000000000000        4027.5829310401527     
   4260.0000000000000        4037.7016300569057     
   4270.0000000000000        4047.6527309075709     
   4280.0000000000000        4056.4539300149531     
   4290.0000000000000        4066.4122681227477     
   4300.0000000000000        4075.7928446666297     
   4310.0000000000000        4084.2898087459562     
   4320.0000000000000        4093.6672593076687     
   4330.0000000000000        4102.9802975793073     
   4340.0000000000000        4112.2290549859626     
   4350.0000000000000        4121.8841603550145     
   4360.0000000000000        4132.3488840848713     
   4370.0000000000000        4141.3383523744942     
   4380.0000000000000        4150.4967696463937     
   4390.0000000000000        4159.9299473131850     
   4400.0000000000000        4169.1229931807520     
   4410.0000000000000        4178.8542529777551     
   4420.0000000000000        4188.0681540874912     
   4430.0000000000000        4196.8774259128941     
   4440.0000000000000        4206.2430881758037     
   4450.0000000000000        4215.0297880658945     
   4460.0000000000000        4224.2078512514508     
   4470.0000000000000        4232.9307145180701     
   4480.0000000000000        4242.3649558587904     
   4490.0000000000000        4251.9417670517496     
   4500.0000000000000        4261.8697179143173     
   4510.0000000000000        4270.7954560686594     
   4520.0000000000000        4280.2512514182226     
   4530.0000000000000        4289.6376271115496     
   4540.0000000000000        4298.0399259681199     
   4550.0000000000000        4307.2576190578084     
   4560.0000000000000        4316.5439809147801     
   4570.0000000000000        4326.3175273584566     
   4580.0000000000000        4335.5603828863232     
   4590.0000000000000        4345.1407598146025     
   4600.0000000000000        4354.3025211857521     
   4610.0000000000000        4364.1925508963322     
   4620.0000000000000        4373.5452757296298     
   4630.0000000000000        4383.2333730872060     
   4640.0000000000000        4393.3274444408144     
   4650.0000000000000        4402.6708776621208     
   4660.0000000000000        4412.5867672473159     
   4670.0000000000000        4422.2285402731286     
   4680.0000000000000        4431.6000827475254     
   4690.0000000000000        4441.1260172482980     
   4700.0000000000000        4450.6732377115650     
   4710.0000000000000        4460.4645145583418     
   4720.0000000000000        4470.4305260425745     
   4730.0000000000000        4480.0081463839369     
   4740.0000000000000        4489.4280300351156     
   4750.0000000000000        4498.5336175392777     
   4760.0000000000000        4508.0675362781567     
   4770.0000000000000        4517.5373103368302     
   4780.0000000000000        4527.3994981115275     
   4790.0000000000000        4536.6274284555084     
   4800.0000000000000        4546.1904403634426     
   4810.0000000000000        4555.4537790763488     
   4820.0000000000000        4565.3052288425415     
   4830.0000000000000        4574.3446122222686     
   4840.0000000000000        4583.7386118734512     
   4850.0000000000000        4593.3385323836919     
   4860.0000000000000        4603.2289051700718     
   4870.0000000000000        4612.2247639909883     
   4880.0000000000000        4621.8371140098052     
   4890.0000000000000        4630.9122634756477     
   4900.0000000000000        4641.3067633862092     
   4910.0000000000000        4650.7840789505071     
   4920.0000000000000        4659.9212995422995     
   4930.0000000000000        4669.7218810090390     
   4940.0000000000000        4679.5997182266519     
   4950.0000000000000        4688.5247690460228     
   4960.0000000000000        4698.1511689186073     
   4970.0000000000000        4707.9473784648972     
   4980.0000000000000        4717.2070763391002     
   4990.0000000000000        4726.4074434200065     
   5000.0000000000000        4735.2739137322633     
   5010.0000000000000        4744.6177668105847     
   5020.0000000000000        4753.7685957240128     
   5030.0000000000000        4763.3136877304350     
   5040.0000000000000        4773.2248495963231     
   5050.0000000000000        4782.1289212695538     
   5060.0000000000000        4792.9697992495394     
   5070.0000000000000        4802.3280628752800     
   5080.0000000000000        4811.4991800828484     
   5090.0000000000000        4820.6268508212479     
   5100.0000000000000        4830.4010592006443     
   5110.0000000000000        4839.9384239039418     
   5120.0000000000000        4849.3686794397445     
   5130.0000000000000        4858.5026036204345     
   5140.0000000000000        4867.7203062137523     
   5150.0000000000000        4877.6783466558936     
   5160.0000000000000        4886.9240056734525     
   5170.0000000000000        4897.3426750181779     
   5180.0000000000000        4906.3397503984706     
   5190.0000000000000        4916.3453300054489     
   5200.0000000000000        4925.8899763094614     
   5210.0000000000000        4935.3141960889025     
   5220.0000000000000        4945.2490813311679     
   5230.0000000000000        4954.2928531292173     
   5240.0000000000000        4964.2321619481609     
   5250.0000000000000        4973.6101009433351     
   5260.0000000000000        4982.4678191245193     
   5270.0000000000000        4992.1119395557917     
   5280.0000000000000        5001.2857915362429     
   5290.0000000000000        5011.4402261337073     
   5300.0000000000000        5020.1770775209279     
   5310.0000000000000        5028.8745178422778     
   5320.0000000000000        5038.5355464323402     
   5330.0000000000000        5048.6527885394116     
   5340.0000000000000        5058.3935635267080     
   5350.0000000000000        5068.7832344046046     
   5360.0000000000000        5078.5815393454477     
   5370.0000000000000        5087.7617392138645     
   5380.0000000000000        5097.0318357755650     
   5390.0000000000000        5106.1534877484064     
   5400.0000000000000        5115.7096645010124     
   5410.0000000000000        5125.3432674383212     
   5420.0000000000000        5134.6145569316313     
   5430.0000000000000        5143.8574667169723     
   5440.0000000000000        5153.6197853570866     
   5450.0000000000000        5162.8900496540273     
   5460.0000000000000        5172.1559405585303     
   5470.0000000000000        5181.2174605456185     
   5480.0000000000000        5190.8153231888264     
   5490.0000000000000        5200.0486596451647     
   5500.0000000000000        5209.1917282667882     
   5510.0000000000000        5218.2601984977046     
   5520.0000000000000        5228.4688793762452     
   5530.0000000000000        5237.6335953710777     
   5540.0000000000000        5246.7877363366879     
   5550.0000000000000        5256.4643795138409     
   5560.0000000000000        5265.9047093311301     
   5570.0000000000000        5275.2997169516839     
   5580.0000000000000        5285.2488430965495     
   5590.0000000000000        5294.9684008067743     
   5600.0000000000000        5303.7390971861341     
   5610.0000000000000        5313.5777313449116     
   5620.0000000000000        5323.2562440953889     
   5630.0000000000000        5332.8256112366835     
   5640.0000000000000        5341.6650004605899     
   5650.0000000000000        5351.2702606800676     
   5660.0000000000000        5360.4752037340713     
   5670.0000000000000        5369.7412039095279     
   5680.0000000000000        5379.2163455938708     
   5690.0000000000000        5387.9678563857979     
   5700.0000000000000        5397.0437749318535     
   5710.0000000000000        5406.2631690367061     
   5720.0000000000000        5415.1931235490329     
   5730.0000000000000        5425.1214891064765     
   5740.0000000000000        5434.2926068178222     
   5750.0000000000000        5443.3748198724052     
   5760.0000000000000        5453.1741220769245     
   5770.0000000000000        5462.7299863008138     
   5780.0000000000000        5472.3320936427535     
   5790.0000000000000        5482.1505238255004     
   5800.0000000000000        5491.8260180385996     
   5810.0000000000000        5501.1585029000544     
   5820.0000000000000        5510.2379270451083     
   5830.0000000000000        5519.9850660485245     
   5840.0000000000000        5529.3724926835939     
   5850.0000000000000        5539.2749350780259     
   5860.0000000000000        5548.0857682431752     
   5870.0000000000000        5557.3809049045540     
   5880.0000000000000        5567.3434540137314     
   5890.0000000000000        5576.1502587870264     
   5900.0000000000000        5585.1677061010942     
   5910.0000000000000        5595.0219188303054     
   5920.0000000000000        5604.4357460011161     
   5930.0000000000000        5614.0946730900359     
   5940.0000000000000        5623.6889379694358     
   5950.0000000000000        5632.9922938418476     
   5960.0000000000000        5642.3559391872950     
   5970.0000000000000        5651.8857725724010     
   5980.0000000000000        5661.4234375476353     
   5990.0000000000000        5671.2453771115661     
   6000.0000000000000        5681.0201114206266     
   6010.0000000000000        5690.6422393553421     
   6020.0000000000000        5699.1109312070557     
   6030.0000000000000        5708.6439179671306     
   6040.0000000000000        5717.9653680522861     
   6050.0000000000000        5727.3333003749485     
   6060.0000000000000        5737.2436379159190     
   6070.0000000000000        5746.5542155853364     
   6080.0000000000000        5756.6827301306266     
   6090.0000000000000        5766.4729286156507     
   6100.0000000000000        5775.6484791786688     
   6110.0000000000000        5784.6988188108526     
   6120.0000000000000        5794.2266445255837     
   6130.0000000000000        5803.5233265548941     
   6140.0000000000000        5812.8226902359829     
   6150.0000000000000        5822.3110063352678     
   6160.0000000000000        5831.8037546035830     
   6170.0000000000000        5841.3196801829818     
   6180.0000000000000        5850.2044099572713     
   6190.0000000000000        5859.6141817866464     
   6200.0000000000000        5869.9908359493229     
   6210.0000000000000        5879.8260086064683     
   6220.0000000000000        5889.0708040654645     
   6230.0000000000000        5898.3237748849288     
   6240.0000000000000        5907.9644972599071     
   6250.0000000000000        5917.1710435719933     
   6260.0000000000000        5926.9875687107969     
   6270.0000000000000        5935.9395912289601     
   6280.0000000000000        5945.5970416044665     
   6290.0000000000000        5954.2173562704202     
   6300.0000000000000        5963.9524888604255     
   6310.0000000000000        5973.7487678024445     
   6320.0000000000000        5983.1636435598803     
   6330.0000000000000        5992.5859264122146     
   6340.0000000000000        6001.9981528558310     
   6350.0000000000000        6011.5504184666061     
   6360.0000000000000        6020.9566692678591     
   6370.0000000000000        6030.0433051270047     
   6380.0000000000000        6039.0833408733297     
   6390.0000000000000        6048.8416259938931     
   6400.0000000000000        6058.3333749341309     
   6410.0000000000000        6067.9302771334396     
   6420.0000000000000        6077.3275336764746     
   6430.0000000000000        6086.3531277034581     
   6440.0000000000000        6096.6415764549083     
   6450.0000000000000        6106.7851302555810     
   6460.0000000000000        6116.1502356861974     
   6470.0000000000000        6125.5022147582658     
   6480.0000000000000        6134.7090053964985     
   6490.0000000000000        6143.8361254875317     
   6500.0000000000000        6153.0585618134237     
   6510.0000000000000        6161.9901489545982     
   6520.0000000000000        6171.0066831359054     
   6530.0000000000000        6180.2635214664933     
   6540.0000000000000        6189.7226713212231     
   6550.0000000000000        6198.5173248478213     
   6560.0000000000000        6207.3625958094899     
   6570.0000000000000        6217.3187963980254     
   6580.0000000000000        6226.9590819419154     
   6590.0000000000000        6237.1797636979891     
   6600.0000000000000        6246.4430891775328     
   6610.0000000000000        6256.2353387463290     
   6620.0000000000000        6264.8547651545214     
   6630.0000000000000        6275.0584250552438     
   6640.0000000000000        6284.2931058210070     
   6650.0000000000000        6293.0803117573259     
   6660.0000000000000        6302.6858009233129     
   6670.0000000000000        6312.4270656821718     
   6680.0000000000000        6321.9465247785638     
   6690.0000000000000        6330.5509367434906     
   6700.0000000000000        6340.5191717958432     
   6710.0000000000000        6349.7949998250551     
   6720.0000000000000        6359.1698779800472     
   6730.0000000000000        6368.3874235877729     
   6740.0000000000000        6378.1870118242477     
   6750.0000000000000        6387.8250107473805     
   6760.0000000000000        6397.7959288254015     
   6770.0000000000000        6407.2754755827555     
   6780.0000000000000        6415.9807685812502     
   6790.0000000000000        6425.4553157967857     
   6800.0000000000000        6435.1179483596989     
   6810.0000000000000        6444.7834185664042     
   6820.0000000000000        6454.2660383330649     
   6830.0000000000000        6463.4821757627833     
   6840.0000000000000        6472.8061202334993     
   6850.0000000000000        6481.9052802805472     
   6860.0000000000000        6491.4920376075042     
   6870.0000000000000        6500.7525356379774     
   6880.0000000000000        6509.8042238327262     
   6890.0000000000000        6518.7163640780000     
   6900.0000000000000        6528.3083287522995     
   6910.0000000000000        6538.2524200393282     
   6920.0000000000000        6547.0898961150133     
   6930.0000000000000        6556.5418343578749     
   6940.0000000000000        6566.4752656426435     
   6950.0000000000000        6576.2399957416201     
   6960.0000000000000        6585.6741768541997     
   6970.0000000000000        6594.9641077456208     
   6980.0000000000000        6604.1157338992844     
   6990.0000000000000        6613.3831914485245     
   7000.0000000000000        6622.9432444584354     
   7010.0000000000000        6631.3960937506572     
   7020.0000000000000        6641.6958490244451     
   7030.0000000000000        6651.4400090555409     
   7040.0000000000000        6661.5656204045526     
   7050.0000000000000        6671.2864344959326     
   7060.0000000000000        6680.3063337256799     
   7070.0000000000000        6689.7616973573895     
   7080.0000000000000        6698.9871903046787     
   7090.0000000000000        6708.7560272833844     
   7100.0000000000000        6718.5169159129318     
   7110.0000000000000        6727.8350753368086     
   7120.0000000000000        6737.4177737170376     
   7130.0000000000000        6747.9634100345284     
   7140.0000000000000        6756.5882624423539     
   7150.0000000000000        6766.1372808279302     
   7160.0000000000000        6775.2579000969954     
   7170.0000000000000        6786.0155601790302     
   7180.0000000000000        6795.5089817622211     
   7190.0000000000000        6805.0569517541435     
   7200.0000000000000        6814.0393838133969     
   7210.0000000000000        6823.5059825028911     
   7220.0000000000000        6833.1832249900208     
   7230.0000000000000        6841.7912636511437     
   7240.0000000000000        6850.5197955448639     
   7250.0000000000000        6859.2912295932974     
   7260.0000000000000        6868.4883955120176     
   7270.0000000000000        6877.9438462086682     
   7280.0000000000000        6887.8283757696190     
   7290.0000000000000        6896.8589138470461     
   7300.0000000000000        6906.3557731117144     
   7310.0000000000000        6915.1197502312998     
   7320.0000000000000        6924.7308136556967     
   7330.0000000000000        6934.2333590621674     
   7340.0000000000000        6943.5900929586523     
   7350.0000000000000        6952.1907582612239     
   7360.0000000000000        6961.6691224382230     
   7370.0000000000000        6971.3047784178161     
   7380.0000000000000        6979.8017457959713     
   7390.0000000000000        6989.4683617820683     
   7400.0000000000000        6999.2394595903743     
   7410.0000000000000        7008.7902237301105     
   7420.0000000000000        7018.1952225493142     
   7430.0000000000000        7027.7516822267989     
   7440.0000000000000        7036.6298247438854     
   7450.0000000000000        7045.9734463817231     
   7460.0000000000000        7055.2716612436398     
   7470.0000000000000        7065.2197999730652     
   7480.0000000000000        7074.6611074865277     
   7490.0000000000000        7084.0606755391746     
   7500.0000000000000        7093.4942965494702     
   7510.0000000000000        7103.0017781139659     
   7520.0000000000000        7112.4945668793262     
   7530.0000000000000        7121.9542222395539     
   7540.0000000000000        7131.6208220731523     
   7550.0000000000000        7141.3116880162625     
   7560.0000000000000        7150.1125355617924     
   7570.0000000000000        7159.1782841115219     
   7580.0000000000000        7168.6149453676699     
   7590.0000000000000        7177.6720949540213     
   7600.0000000000000        7187.8768558063821     
   7610.0000000000000        7197.5923088295676     
   7620.0000000000000        7207.9864733492395     
   7630.0000000000000        7217.5797843599275     
   7640.0000000000000        7226.8273799412636     
   7650.0000000000000        7236.5340906151869     
   7660.0000000000000        7245.1684029103990     
   7670.0000000000000        7254.3070290663763     
   7680.0000000000000        7263.5415862184100     
   7690.0000000000000        7273.7922575630419     
   7700.0000000000000        7283.7924421951211     
   7710.0000000000000        7293.4406116252840     
   7720.0000000000000        7302.4510500190263     
   7730.0000000000000        7312.4582352036659     
   7740.0000000000000        7321.5280968656325     
   7750.0000000000000        7330.5410261100888     
   7760.0000000000000        7339.4873614310363     
   7770.0000000000000        7349.3585254846721     
   7780.0000000000000        7358.7312497528719     
   7790.0000000000000        7368.2589934130801     
   7800.0000000000000        7378.1098662013674     
   7810.0000000000000        7387.1204706300623     
   7820.0000000000000        7396.4520082810641     
   7830.0000000000000        7406.3463060495469     
   7840.0000000000000        7415.5738613884914     
   7850.0000000000000        7425.5387447690819     
   7860.0000000000000        7435.1551972565094     
   7870.0000000000000        7444.4567128666004     
   7880.0000000000000        7453.8067702957369     
   7890.0000000000000        7463.2281754502501     
   7900.0000000000000        7472.9906344619440     
   7910.0000000000000        7482.6235630270994     
   7920.0000000000000        7492.6985005839942     
   7930.0000000000000        7502.5881102875001     
   7940.0000000000000        7512.5032841109123     
   7950.0000000000000        7521.9832895782865     
   7960.0000000000000        7532.2627038797236     
   7970.0000000000000        7541.5378892439921     
   7980.0000000000000        7550.7588836311716     
   7990.0000000000000        7560.4896656808669     
   8000.0000000000000        7569.4435931237003     
   8010.0000000000000        7579.3581925918543     
   8020.0000000000000        7588.8948747429413     
   8030.0000000000000        7597.6832754632496     
   8040.0000000000000        7606.8020482434331     
   8050.0000000000000        7616.6698783893999     
   8060.0000000000000        7626.7761478319726     
   8070.0000000000000        7636.1913571959421     
   8080.0000000000000        7645.8979561484093     
   8090.0000000000000        7655.4265907619274     
   8100.0000000000000        7664.8631037529822     
   8110.0000000000000        7674.5223361328672     
   8120.0000000000000        7684.1914505593450     
   8130.0000000000000        7693.3406630939071     
   8140.0000000000000        7702.8619776853711     
   8150.0000000000000        7711.8625935447726     
   8160.0000000000000        7721.0717569959406     
   8170.0000000000000        7730.1981597248559     
   8180.0000000000000        7739.1518560410659     
   8190.0000000000000        7748.8708025088636     
   8200.0000000000000        7758.0545012797584     
   8210.0000000000000        7767.1995250250911     
   8220.0000000000000        7776.4052534967259     
   8230.0000000000000        7786.4764474011163     
   8240.0000000000000        7796.2081872170957     
   8250.0000000000000        7805.3556784231150     
   8260.0000000000000        7814.4070364135041     
   8270.0000000000000        7823.8022918755196     
   8280.0000000000000        7832.9042374493820     
   8290.0000000000000        7841.6676911036348     
   8300.0000000000000        7851.1186716802868     
   8310.0000000000000        7860.7914687317279     
   8320.0000000000000        7870.5803681898005     
   8330.0000000000000        7879.0582773532442     
   8340.0000000000000        7888.1864580379988     
   8350.0000000000000        7897.7087851325450     
   8360.0000000000000        7907.0791909560085     
   8370.0000000000000        7915.8622332646419     
   8380.0000000000000        7924.8613685625514     
   8390.0000000000000        7934.2447096951355     
   8400.0000000000000        7943.7552886507046     
   8410.0000000000000        7952.9825423168977     
   8420.0000000000000        7962.9637718436716     
   8430.0000000000000        7972.3563484832239     
   8440.0000000000000        7981.6203177459747     
   8450.0000000000000        7990.6804970833382     
   8460.0000000000000        8000.1194434075296     
   8470.0000000000000        8009.1121328166737     
   8480.0000000000000        8018.3473287985817     
   8490.0000000000000        8028.8986252395380     
   8500.0000000000000        8038.3739852024837     
   8510.0000000000000        8047.9989146940925     
   8520.0000000000000        8057.0669860851285     
   8530.0000000000000        8066.5767388653949     
   8540.0000000000000        8076.0833093416622     
   8550.0000000000000        8084.4738293415539     
   8560.0000000000000        8093.6144016574126     
   8570.0000000000000        8102.8852641267185     
   8580.0000000000000        8112.6334172014604     
   8590.0000000000000        8122.2259435545011     
   8600.0000000000000        8131.4981790629354     
   8610.0000000000000        8140.8219586339337     
   8620.0000000000000        8150.0235455452475     
   8630.0000000000000        8159.5286675169909     
   8640.0000000000000        8169.2475935368011     
   8650.0000000000000        8179.1049842911962     
   8660.0000000000000        8188.6208598360208     
   8670.0000000000000        8197.9428959388497     
   8680.0000000000000        8207.2151960300307     
   8690.0000000000000        8215.9496399014461     
   8700.0000000000000        8225.4123447394195     
   8710.0000000000000        8234.9728311893323     
   8720.0000000000000        8244.3745755192031     
   8730.0000000000000        8254.2501778882051     
   8740.0000000000000        8263.3519816750231     
   8750.0000000000000        8272.9046759756584     
   8760.0000000000000        8282.4259962875039     
   8770.0000000000000        8292.3475110946692     
   8780.0000000000000        8302.2012052024693     
   8790.0000000000000        8311.3234030621388     
   8800.0000000000000        8320.4171996933546     
   8810.0000000000000        8329.6838471712417     
   8820.0000000000000        8339.2028618219065     
   8830.0000000000000        8348.0834844302008     
   8840.0000000000000        8357.3750013734643     
   8850.0000000000000        8366.9028737199933     
   8860.0000000000000        8376.2379926821595     
   8870.0000000000000        8385.7961172008181     
   8880.0000000000000        8395.7640547110241     
   8890.0000000000000        8405.6816505302813     
   8900.0000000000000        8414.6822681680333     
   8910.0000000000000        8423.9447305988488     
   8920.0000000000000        8433.7491062699391     
   8930.0000000000000        8443.6881255578501     
   8940.0000000000000        8452.4956653428435     
   8950.0000000000000        8462.2586249171090     
   8960.0000000000000        8471.9400653802859     
   8970.0000000000000        8481.8306590580487     
   8980.0000000000000        8491.2338446246940     
   8990.0000000000000        8500.8690102694891     
   9000.0000000000000        8509.9125853111545     
   9010.0000000000000        8519.5394192029726     
   9020.0000000000000        8528.6400737217591     
   9030.0000000000000        8537.8349455835632     
   9040.0000000000000        8547.2037853803249     
   9050.0000000000000        8555.6568987014016     
   9060.0000000000000        8564.9100965213129     
   9070.0000000000000        8574.1367632256515     
   9080.0000000000000        8582.4936903193757     
   9090.0000000000000        8591.3090040470215     
   9100.0000000000000        8600.7724383601708     
   9110.0000000000000        8610.2039851320988     
   9120.0000000000000        8620.0142028964583     
   9130.0000000000000        8630.1517927885270     
   9140.0000000000000        8639.8134953258996     
   9150.0000000000000        8648.8612416254455     
   9160.0000000000000        8657.3752970085952     
   9170.0000000000000        8666.9074491062693     
   9180.0000000000000        8676.2750022838081     
   9190.0000000000000        8685.8871827764797     
   9200.0000000000000        8695.2663836416450     
   9210.0000000000000        8704.9630914114605     
   9220.0000000000000        8715.1968587741412     
   9230.0000000000000        8724.0729610539911     
   9240.0000000000000        8733.7064973619945     
   9250.0000000000000        8743.1197426532217     
   9260.0000000000000        8752.3735408460270     
   9270.0000000000000        8761.1668828264610     
   9280.0000000000000        8770.4048767931854     
   9290.0000000000000        8780.4106966296640     
   9300.0000000000000        8789.7164023452387     
   9310.0000000000000        8799.2579116827801     
   9320.0000000000000        8808.3419514935285     
   9330.0000000000000        8817.9698059732855     
   9340.0000000000000        8827.6947934527216     
   9350.0000000000000        8837.8149967312856     
   9360.0000000000000        8846.7876664621817     
   9370.0000000000000        8856.3668151580841     
   9380.0000000000000        8866.6558552350216     
   9390.0000000000000        8876.1363850234138     
   9400.0000000000000        8885.2174352021430     
   9410.0000000000000        8894.9198018270417     
   9420.0000000000000        8904.5477433303004     
   9430.0000000000000        8914.5468830976006     
   9440.0000000000000        8923.3348365246748     
   9450.0000000000000        8933.0198815914046     
   9460.0000000000000        8942.4202000118239     
   9470.0000000000000        8951.4979751452374     
   9480.0000000000000        8960.7676567356812     
   9490.0000000000000        8970.0139601836709     
   9500.0000000000000        8979.4196300532240     
   9510.0000000000000        8988.3355806850559     
   9520.0000000000000        8998.1070681873043     
   9530.0000000000000        9007.3334566380963     
   9540.0000000000000        9016.5206946030557     
   9550.0000000000000        9026.0893604671110     
   9560.0000000000000        9035.2207855631768     
   9570.0000000000000        9044.7925512824713     
   9580.0000000000000        9054.1244380524331     
   9590.0000000000000        9063.8168599346809     
   9600.0000000000000        9073.1263453927077     
   9610.0000000000000        9082.8198787253714     
   9620.0000000000000        9091.5441382000226     
   9630.0000000000000        9101.0386879821599     
   9640.0000000000000        9111.5262159571121     
   9650.0000000000000        9120.8442262545886     
   9660.0000000000000        9130.8489943760924     
   9670.0000000000000        9140.2597096975896     
   9680.0000000000000        9149.9142409865835     
   9690.0000000000000        9160.0579064567210     
   9700.0000000000000        9170.0659408945448     
   9710.0000000000000        9178.8948215378095     
   9720.0000000000000        9188.3674418002338     
   9730.0000000000000        9197.8569069854420     
   9740.0000000000000        9206.9110311989352     
   9750.0000000000000        9216.4774569734327     
   9760.0000000000000        9226.4178548382806     
   9770.0000000000000        9235.8253485694677     
   9780.0000000000000        9245.2753352624186     
   9790.0000000000000        9254.5123556042709     
   9800.0000000000000        9264.2470304482977     
   9810.0000000000000        9274.1827359608651     
   9820.0000000000000        9283.5265060115398     
   9830.0000000000000        9292.7790340168085     
   9840.0000000000000        9302.3537041324344     
   9850.0000000000000        9311.9894647914971     
   9860.0000000000000        9321.2168750505134     
   9870.0000000000000        9329.9596410832910     
   9880.0000000000000        9339.3110296351715     
   9890.0000000000000        9348.1647959459242     
   9900.0000000000000        9358.3634897183292     
   9910.0000000000000        9367.6366144123622     
   9920.0000000000000        9377.6884302156559     
   9930.0000000000000        9387.3335042816307     
   9940.0000000000000        9396.7921173255272     
   9950.0000000000000        9405.6065413374690     
   9960.0000000000000        9415.0036672782717     
   9970.0000000000000        9424.7322479162794     
   9980.0000000000000        9433.7631215474703     
