   0.0000000000000000        6.3156791697564305     
   10.000000000000000        14.123770550519621     
   20.000000000000000        21.851491798691555     
   30.000000000000000        29.001104843672323     
   40.000000000000000        36.347534579349087     
   50.000000000000000        43.305610922178687     
   60.000000000000000        51.392009590247113     
   70.000000000000000        59.952000045693282     
   80.000000000000000        66.702394056009325     
   90.000000000000000        75.161383860849170     
   100.00000000000000        83.002148239655853     
   110.00000000000000        89.716761190846157     
   120.00000000000000        97.353108135250878     
   130.00000000000000        103.81925724434883     
   140.00000000000000        110.00774098105789     
   150.00000000000000        117.70809289558058     
   160.00000000000000        125.29628201568316     
   170.00000000000000        133.64364095437676     
   180.00000000000000        141.43869098047927     
   190.00000000000000        150.22751791015349     
   200.00000000000000        158.67939762500137     
   210.00000000000000        166.26091622668693     
   220.00000000000000        173.60075811672721     
   230.00000000000000        180.77687202928558     
   240.00000000000000        187.57044673725639     
   250.00000000000000        195.29188244714638     
   260.00000000000000        202.49067679267432     
   270.00000000000000        210.53684363009469     
   280.00000000000000        218.26484489327552     
   290.00000000000000        226.24352347013868     
   300.00000000000000        233.68714644322193     
   310.00000000000000        240.48105375629115     
   320.00000000000000        247.82857052771556     
   330.00000000000000        255.77899315769605     
   340.00000000000000        264.49288479256666     
   350.00000000000000        272.61603088668426     
   360.00000000000000        279.80134500887897     
   370.00000000000000        288.26932839520055     
   380.00000000000000        295.42593883468095     
   390.00000000000000        303.46920330913508     
   400.00000000000000        311.59506968456441     
   410.00000000000000        319.34857936928603     
   420.00000000000000        326.79116184298641     
   430.00000000000000        334.29251926219132     
   440.00000000000000        341.79539622720694     
   450.00000000000000        349.48507842496633     
   460.00000000000000        357.25386321394473     
   470.00000000000000        365.12506553057750     
   480.00000000000000        373.03541363432174     
   490.00000000000000        380.83856001013942     
   500.00000000000000        389.02590946628123     
   510.00000000000000        395.66781803741156     
   520.00000000000000        402.70538438707240     
   530.00000000000000        410.60088984938136     
   540.00000000000000        417.23687692943707     
   550.00000000000000        424.60880091445864     
   560.00000000000000        432.49784560555531     
   570.00000000000000        440.13692044859010     
   580.00000000000000        449.16945959708823     
   590.00000000000000        457.47691298406897     
   600.00000000000000        466.35036206084334     
   610.00000000000000        473.19146996096453     
   620.00000000000000        480.18485726220439     
   630.00000000000000        488.28696162078199     
   640.00000000000000        495.71451952548603     
   650.00000000000000        502.13602003578484     
   660.00000000000000        510.66626834637748     
   670.00000000000000        517.41031142231043     
   680.00000000000000        525.36513568680925     
   690.00000000000000        532.56754119729396     
   700.00000000000000        539.93047808212771     
   710.00000000000000        547.78555862365272     
   720.00000000000000        555.25847397179143     
   730.00000000000000        563.20133883751987     
   740.00000000000000        570.49158113591943     
   750.00000000000000        579.41157949484727     
   760.00000000000000        586.50950406657557     
   770.00000000000000        593.18845575942180     
   780.00000000000000        600.15836365865482     
   790.00000000000000        608.31656633134548     
   800.00000000000000        616.31841773768701     
   810.00000000000000        624.25057474224252     
   820.00000000000000        632.15894938694805     
   830.00000000000000        640.16042259149742     
   840.00000000000000        648.55281232008349     
   850.00000000000000        655.96741911051777     
   860.00000000000000        662.81099414583161     
   870.00000000000000        670.76016884783633     
   880.00000000000000        677.69347741305148     
   890.00000000000000        685.08672867982852     
   900.00000000000000        692.60785084357951     
   910.00000000000000        701.43052292805089     
   920.00000000000000        708.92966887605337     
   930.00000000000000        715.36319285686807     
   940.00000000000000        722.18999055119957     
   950.00000000000000        728.90477007868776     
   960.00000000000000        736.76270981783102     
   970.00000000000000        743.34174923943704     
   980.00000000000000        751.69940788267616     
   990.00000000000000        759.30254225161707     
   1000.0000000000000        765.99765240276179     
   1010.0000000000000        773.41762183252456     
   1020.0000000000000        780.02721203004489     
   1030.0000000000000        788.66892158151848     
   1040.0000000000000        795.25022081197244     
   1050.0000000000000        803.09092816989869     
   1060.0000000000000        811.09254247470130     
   1070.0000000000000        818.63864612526265     
   1080.0000000000000        826.25303794678098     
   1090.0000000000000        834.01104169546738     
   1100.0000000000000        840.97427152932073     
   1110.0000000000000        848.47275231294623     
   1120.0000000000000        854.94811973405967     
   1130.0000000000000        863.00880507470811     
   1140.0000000000000        872.17847003062650     
   1150.0000000000000        881.00757388014870     
   1160.0000000000000        889.28350749954018     
   1170.0000000000000        896.35914934337382     
   1180.0000000000000        902.50818646290509     
   1190.0000000000000        909.80701742735926     
   1200.0000000000000        917.63373691243248     
   1210.0000000000000        924.79145402648271     
   1220.0000000000000        931.75202338939698     
   1230.0000000000000        939.14114847743292     
   1240.0000000000000        947.04695211020498     
   1250.0000000000000        953.63107436432983     
   1260.0000000000000        961.77859448427034     
   1270.0000000000000        969.90324058953468     
   1280.0000000000000        977.17155431973163     
   1290.0000000000000        984.41736252579881     
   1300.0000000000000        991.86343608656534     
   1310.0000000000000        999.63433522107766     
   1320.0000000000000        1007.2222893187678     
   1330.0000000000000        1015.4882061771193     
   1340.0000000000000        1023.5806815094038     
   1350.0000000000000        1032.4228851105320     
   1360.0000000000000        1040.9023147775058     
   1370.0000000000000        1048.1181818678074     
   1380.0000000000000        1055.5732870634542     
   1390.0000000000000        1062.6775083064829     
   1400.0000000000000        1070.3746581949899     
   1410.0000000000000        1077.5487541823536     
   1420.0000000000000        1085.6023226540065     
   1430.0000000000000        1092.4927504866139     
   1440.0000000000000        1099.7576058567656     
   1450.0000000000000        1107.2494135866959     
   1460.0000000000000        1114.3845443894638     
   1470.0000000000000        1120.7681720018268     
   1480.0000000000000        1129.1254283072726     
   1490.0000000000000        1136.1630116935526     
   1500.0000000000000        1142.9096287951670     
   1510.0000000000000        1150.5401373342595     
   1520.0000000000000        1157.5264752553003     
   1530.0000000000000        1164.9821159327837     
   1540.0000000000000        1173.0505240695879     
   1550.0000000000000        1181.6326187359589     
   1560.0000000000000        1189.6101731767244     
   1570.0000000000000        1197.5159342661757     
   1580.0000000000000        1204.1323353609828     
   1590.0000000000000        1210.7530559379220     
   1600.0000000000000        1218.4359341095208     
   1610.0000000000000        1225.0392988252120     
   1620.0000000000000        1232.6343401833678     
   1630.0000000000000        1239.1769649222979     
   1640.0000000000000        1247.5673330014836     
   1650.0000000000000        1254.5760653977513     
   1660.0000000000000        1262.6088344289396     
   1670.0000000000000        1270.1722725489033     
   1680.0000000000000        1278.6117265148582     
   1690.0000000000000        1286.3126216115725     
   1700.0000000000000        1293.5000960361544     
   1710.0000000000000        1299.8896097496745     
   1720.0000000000000        1306.9172985918503     
   1730.0000000000000        1314.7631980632389     
   1740.0000000000000        1321.6708296003662     
   1750.0000000000000        1329.7093038945573     
   1760.0000000000000        1336.2210720564922     
   1770.0000000000000        1343.4094964608603     
   1780.0000000000000        1351.0300730441966     
   1790.0000000000000        1358.7058136860940     
   1800.0000000000000        1366.9539675122683     
   1810.0000000000000        1373.6270026434222     
   1820.0000000000000        1380.2004021602670     
   1830.0000000000000        1387.5931227008052     
   1840.0000000000000        1394.6894427856855     
   1850.0000000000000        1403.3946990259908     
   1860.0000000000000        1410.0980344440793     
   1870.0000000000000        1418.9657365706507     
   1880.0000000000000        1427.4797381547603     
   1890.0000000000000        1435.0198428752981     
   1900.0000000000000        1442.3985459806643     
   1910.0000000000000        1450.6016379811888     
   1920.0000000000000        1460.0058163334218     
   1930.0000000000000        1467.8607207033006     
   1940.0000000000000        1475.5457627163591     
   1950.0000000000000        1483.0847548088898     
   1960.0000000000000        1491.6947450912712     
   1970.0000000000000        1498.9126211207872     
   1980.0000000000000        1505.5153129002665     
   1990.0000000000000        1513.0190541876436     
   2000.0000000000000        1521.7946727995527     
   2010.0000000000000        1529.6880468854079     
   2020.0000000000000        1537.9555654059047     
   2030.0000000000000        1545.5302644397245     
   2040.0000000000000        1553.7081596192822     
   2050.0000000000000        1560.8628843970014     
   2060.0000000000000        1567.8909535536811     
   2070.0000000000000        1575.3490136596281     
   2080.0000000000000        1582.8790932140057     
   2090.0000000000000        1589.9124077446793     
   2100.0000000000000        1597.8687064018052     
   2110.0000000000000        1605.5311058832951     
   2120.0000000000000        1612.3872589416214     
   2130.0000000000000        1619.4014656386041     
   2140.0000000000000        1626.8981811853819     
   2150.0000000000000        1634.3518897326267     
   2160.0000000000000        1641.0958700048161     
   2170.0000000000000        1650.1813023868581     
   2180.0000000000000        1657.2989648182231     
   2190.0000000000000        1663.7769313630063     
   2200.0000000000000        1673.3163898586977     
   2210.0000000000000        1682.1550292704549     
   2220.0000000000000        1690.5553920556295     
   2230.0000000000000        1698.2951722698263     
   2240.0000000000000        1705.5911690182388     
   2250.0000000000000        1714.0309745264544     
   2260.0000000000000        1723.3177893349286     
   2270.0000000000000        1731.0313353936651     
   2280.0000000000000        1738.6532576211632     
   2290.0000000000000        1746.1319154482658     
   2300.0000000000000        1753.3169305344854     
   2310.0000000000000        1761.7634262391387     
   2320.0000000000000        1769.4991034373202     
   2330.0000000000000        1777.3002670991680     
   2340.0000000000000        1785.9837149452540     
   2350.0000000000000        1793.2541706607467     
   2360.0000000000000        1801.2423688708532     
   2370.0000000000000        1810.0634544606460     
   2380.0000000000000        1817.6608743281388     
   2390.0000000000000        1824.9665609667186     
   2400.0000000000000        1832.0756997686135     
   2410.0000000000000        1839.6976528596820     
   2420.0000000000000        1847.7404793307953     
   2430.0000000000000        1855.3039078337094     
   2440.0000000000000        1863.7645689896328     
   2450.0000000000000        1871.6408880824924     
   2460.0000000000000        1879.3773054214687     
   2470.0000000000000        1886.5051640344441     
   2480.0000000000000        1893.3347800203549     
   2490.0000000000000        1900.2903612642051     
   2500.0000000000000        1907.7224604984790     
   2510.0000000000000        1915.6216658541077     
   2520.0000000000000        1923.5013287499917     
   2530.0000000000000        1931.4072058384895     
   2540.0000000000000        1939.6799302065622     
   2550.0000000000000        1947.0982783403458     
   2560.0000000000000        1955.1571581701778     
   2570.0000000000000        1963.4760150229206     
   2580.0000000000000        1971.1360741752446     
   2590.0000000000000        1978.1467810867657     
   2600.0000000000000        1985.6040398174982     
   2610.0000000000000        1992.5568553265300     
   2620.0000000000000        2001.0162129759231     
   2630.0000000000000        2009.0060567487326     
   2640.0000000000000        2017.0054578806853     
   2650.0000000000000        2023.9152871231424     
   2660.0000000000000        2031.4180162064370     
   2670.0000000000000        2039.4061522747736     
   2680.0000000000000        2046.6060406907968     
   2690.0000000000000        2054.2002368937738     
   2700.0000000000000        2061.6773753950292     
   2710.0000000000000        2069.3144864548849     
   2720.0000000000000        2076.3710824220434     
   2730.0000000000000        2084.3058850325474     
   2740.0000000000000        2091.2614575572261     
   2750.0000000000000        2100.8239252546573     
   2760.0000000000000        2108.6815114960787     
   2770.0000000000000        2116.4243580028324     
   2780.0000000000000        2124.1536903940932     
   2790.0000000000000        2131.8038562517440     
   2800.0000000000000        2138.9179574794007     
   2810.0000000000000        2147.2696015666365     
   2820.0000000000000        2154.2925231613549     
   2830.0000000000000        2162.3478692011854     
   2840.0000000000000        2170.9288277618407     
   2850.0000000000000        2177.9059365878584     
   2860.0000000000000        2186.4559895317452     
   2870.0000000000000        2194.4926578780587     
   2880.0000000000000        2202.1157040194153     
   2890.0000000000000        2208.3455979554947     
   2900.0000000000000        2216.1932354626651     
   2910.0000000000000        2223.4717985112175     
   2920.0000000000000        2230.2002127646060     
   2930.0000000000000        2237.6953580110958     
   2940.0000000000000        2245.5737867876733     
   2950.0000000000000        2253.9131587728775     
   2960.0000000000000        2262.6156738647487     
   2970.0000000000000        2268.8341503442743     
   2980.0000000000000        2277.9500163286712     
   2990.0000000000000        2284.5879312292391     
   3000.0000000000000        2292.9093005230402     
   3010.0000000000000        2300.8248363931370     
   3020.0000000000000        2307.8726882973619     
   3030.0000000000000        2315.6919009261333     
   3040.0000000000000        2322.6262085636463     
   3050.0000000000000        2331.1627240427820     
   3060.0000000000000        2338.2646787436288     
   3070.0000000000000        2345.9249132011992     
   3080.0000000000000        2352.9561162673185     
   3090.0000000000000        2359.7593504271808     
   3100.0000000000000        2367.9893462055693     
   3110.0000000000000        2374.8055821947301     
   3120.0000000000000        2381.7183987957756     
   3130.0000000000000        2389.2637576632142     
   3140.0000000000000        2396.4131707089668     
   3150.0000000000000        2404.8713674862142     
   3160.0000000000000        2412.2788244724416     
   3170.0000000000000        2419.5136516943503     
   3180.0000000000000        2426.6875843960938     
   3190.0000000000000        2435.3560863027924     
   3200.0000000000000        2442.6563396924530     
   3210.0000000000000        2449.7094935769696     
   3220.0000000000000        2456.4153502896979     
   3230.0000000000000        2463.3891227074746     
   3240.0000000000000        2471.2945767673236     
   3250.0000000000000        2478.4213824297253     
   3260.0000000000000        2485.8464053473672     
   3270.0000000000000        2495.0389024312303     
   3280.0000000000000        2503.4717917497492     
   3290.0000000000000        2511.7722618012685     
   3300.0000000000000        2520.3984825243706     
   3310.0000000000000        2528.7212910875560     
   3320.0000000000000        2537.2726672754648     
   3330.0000000000000        2544.8571493010581     
   3340.0000000000000        2552.8249742689250     
   3350.0000000000000        2560.6628531078413     
   3360.0000000000000        2568.1438688252997     
   3370.0000000000000        2575.5217444137893     
   3380.0000000000000        2582.0866726847071     
   3390.0000000000000        2590.5361742607215     
   3400.0000000000000        2597.9857692178057     
   3410.0000000000000        2606.8212525288109     
   3420.0000000000000        2613.2107649767950     
   3430.0000000000000        2621.7039931763061     
   3440.0000000000000        2628.5989828361967     
   3450.0000000000000        2635.8065794657768     
   3460.0000000000000        2642.7247025099805     
   3470.0000000000000        2650.5672301592563     
   3480.0000000000000        2659.4077681282961     
   3490.0000000000000        2668.3104549221530     
   3500.0000000000000        2675.0285646379648     
   3510.0000000000000        2681.7525976767506     
   3520.0000000000000        2690.8374915187196     
   3530.0000000000000        2699.6627708740398     
   3540.0000000000000        2706.7335364937217     
   3550.0000000000000        2714.3469699904012     
   3560.0000000000000        2721.4101837015414     
   3570.0000000000000        2729.7451547155915     
   3580.0000000000000        2737.2553675158638     
   3590.0000000000000        2744.0469064838644     
   3600.0000000000000        2751.4103816644306     
   3610.0000000000000        2759.4637652698425     
   3620.0000000000000        2767.2567557064376     
   3630.0000000000000        2775.3604351914491     
   3640.0000000000000        2784.0911567823346     
   3650.0000000000000        2791.6946772310143     
   3660.0000000000000        2798.6070393027148     
   3670.0000000000000        2806.3994538141264     
   3680.0000000000000        2814.7864249505296     
   3690.0000000000000        2821.7909465785906     
   3700.0000000000000        2829.6802085849918     
   3710.0000000000000        2837.5564847337100     
   3720.0000000000000        2844.7447091728909     
   3730.0000000000000        2852.8189656548957     
   3740.0000000000000        2860.1914053622609     
   3750.0000000000000        2867.4065333958092     
   3760.0000000000000        2876.0356916897808     
   3770.0000000000000        2883.6402826200774     
   3780.0000000000000        2892.9756294240174     
   3790.0000000000000        2901.7107001505933     
   3800.0000000000000        2909.2670035048759     
   3810.0000000000000        2916.9654851993928     
   3820.0000000000000        2923.5933295981868     
   3830.0000000000000        2931.5462596410598     
   3840.0000000000000        2939.1406428215532     
   3850.0000000000000        2946.8148864554241     
   3860.0000000000000        2953.7129956127542     
   3870.0000000000000        2961.6559341813531     
   3880.0000000000000        2969.4447080627306     
   3890.0000000000000        2975.8877052369603     
   3900.0000000000000        2983.2927327130042     
   3910.0000000000000        2991.3603954980276     
   3920.0000000000000        2998.8932747628569     
   3930.0000000000000        3006.5968787083611     
   3940.0000000000000        3014.9961378171120     
   3950.0000000000000        3022.3395671827898     
   3960.0000000000000        3029.8396241128921     
   3970.0000000000000        3036.8521540043175     
   3980.0000000000000        3045.3186763842277     
   3990.0000000000000        3053.4023069817481     
   4000.0000000000000        3060.6157091171581     
   4010.0000000000000        3068.9547549527947     
   4020.0000000000000        3075.9096737621558     
   4030.0000000000000        3084.4559892848006     
   4040.0000000000000        3092.6493167298017     
   4050.0000000000000        3099.7532143945641     
   4060.0000000000000        3106.2515376483502     
   4070.0000000000000        3113.2511635466349     
   4080.0000000000000        3122.3832929104738     
   4090.0000000000000        3130.0891809470213     
   4100.0000000000000        3136.8028788077172     
   4110.0000000000000        3144.3930185011773     
   4120.0000000000000        3153.1989248824843     
   4130.0000000000000        3159.8601926952110     
   4140.0000000000000        3167.1476918759518     
   4150.0000000000000        3175.5883499750757     
   4160.0000000000000        3182.4190248311229     
   4170.0000000000000        3191.0022468335164     
   4180.0000000000000        3199.4405940494476     
   4190.0000000000000        3207.7279088751966     
   4200.0000000000000        3215.9450499484619     
   4210.0000000000000        3223.2105896911112     
   4220.0000000000000        3230.5456348427870     
   4230.0000000000000        3237.0835113984449     
   4240.0000000000000        3245.0441695989862     
   4250.0000000000000        3252.3571662397298     
   4260.0000000000000        3260.2430066904640     
   4270.0000000000000        3268.5213650492969     
   4280.0000000000000        3276.2645454204990     
   4290.0000000000000        3284.4053191464232     
   4300.0000000000000        3292.0431194680436     
   4310.0000000000000        3298.8479759064858     
   4320.0000000000000        3306.8142353416624     
   4330.0000000000000        3314.6921126920747     
   4340.0000000000000        3323.6364030417644     
   4350.0000000000000        3333.2227876323968     
   4360.0000000000000        3340.6612923794710     
   4370.0000000000000        3346.5132024517479     
   4380.0000000000000        3353.3988990668240     
   4390.0000000000000        3360.9811485456298     
   4400.0000000000000        3368.3777907057170     
   4410.0000000000000        3375.5160363109321     
   4420.0000000000000        3383.6213939239901     
   4430.0000000000000        3390.7671228881327     
   4440.0000000000000        3397.9322862045378     
   4450.0000000000000        3405.2743007504191     
   4460.0000000000000        3412.1785043390464     
   4470.0000000000000        3419.7956354167045     
   4480.0000000000000        3427.7434358689252     
   4490.0000000000000        3435.0456310873246     
   4500.0000000000000        3442.9989719883870     
   4510.0000000000000        3451.8901431931399     
   4520.0000000000000        3459.0264756973675     
   4530.0000000000000        3466.8789979181888     
   4540.0000000000000        3475.0300294516319     
   4550.0000000000000        3483.7506724508357     
   4560.0000000000000        3491.4772099000729     
   4570.0000000000000        3498.4647840249377     
   4580.0000000000000        3506.5304070059233     
   4590.0000000000000        3514.0641394279210     
   4600.0000000000000        3521.5297858610788     
   4610.0000000000000        3529.1092723606048     
   4620.0000000000000        3537.3480717787302     
   4630.0000000000000        3545.2520104535461     
   4640.0000000000000        3552.1450067410665     
   4650.0000000000000        3559.9263150752622     
   4660.0000000000000        3567.9691254019858     
   4670.0000000000000        3576.2278942506582     
   4680.0000000000000        3584.8566527450034     
   4690.0000000000000        3591.1812552266942     
   4700.0000000000000        3598.9821511712962     
   4710.0000000000000        3606.9479805377696     
   4720.0000000000000        3613.9904434210330     
   4730.0000000000000        3622.9671080704697     
   4740.0000000000000        3631.2196188365806     
   4750.0000000000000        3639.4257347942371     
   4760.0000000000000        3646.4515446517112     
   4770.0000000000000        3654.2229093123756     
   4780.0000000000000        3661.0022736225428     
   4790.0000000000000        3669.2240170754567     
   4800.0000000000000        3676.4848717341979     
   4810.0000000000000        3684.2839293595398     
   4820.0000000000000        3691.1920247451990     
   4830.0000000000000        3697.9326385263125     
   4840.0000000000000        3706.0839294523757     
   4850.0000000000000        3713.5493783775833     
   4860.0000000000000        3719.7157298710117     
   4870.0000000000000        3727.0687559100879     
   4880.0000000000000        3734.6183182485006     
   4890.0000000000000        3742.8668423395079     
   4900.0000000000000        3751.2590242745068     
   4910.0000000000000        3758.5037269652889     
   4920.0000000000000        3767.0071099671013     
   4930.0000000000000        3775.3136112989464     
   4940.0000000000000        3782.1166505886013     
   4950.0000000000000        3789.5704496858966     
   4960.0000000000000        3798.0942638859960     
   4970.0000000000000        3805.7714243768146     
   4980.0000000000000        3814.6225948289862     
   4990.0000000000000        3821.8971499556746     
   5000.0000000000000        3829.2228628115804     
   5010.0000000000000        3838.6165891568344     
   5020.0000000000000        3845.6420091988834     
   5030.0000000000000        3853.3109219905346     
   5040.0000000000000        3861.6634167449561     
   5050.0000000000000        3868.7506025889702     
   5060.0000000000000        3876.6525177571034     
   5070.0000000000000        3886.1524908698925     
   5080.0000000000000        3892.6100906202109     
   5090.0000000000000        3899.2588040194296     
   5100.0000000000000        3907.3252730399095     
   5110.0000000000000        3914.4913394760511     
   5120.0000000000000        3922.6972412692717     
   5130.0000000000000        3929.7245209143016     
   5140.0000000000000        3937.4380498049204     
   5150.0000000000000        3945.9220431002109     
   5160.0000000000000        3952.5400765715749     
   5170.0000000000000        3961.9861948190669     
   5180.0000000000000        3970.0318814651664     
   5190.0000000000000        3978.0327492658107     
   5200.0000000000000        3985.1084113186594     
   5210.0000000000000        3992.2972840426482     
   5220.0000000000000        4000.6178555691154     
   5230.0000000000000        4008.5588760865739     
   5240.0000000000000        4016.3405918140256     
   5250.0000000000000        4022.9805408078405     
   5260.0000000000000        4031.3277561986133     
   5270.0000000000000        4038.4702912943667     
   5280.0000000000000        4046.6378172408981     
   5290.0000000000000        4054.8319908384756     
   5300.0000000000000        4062.5510643200537     
   5310.0000000000000        4069.8526687286608     
   5320.0000000000000        4078.5003662161653     
   5330.0000000000000        4085.4775590142817     
   5340.0000000000000        4092.0599222935916     
   5350.0000000000000        4099.2806411251213     
   5360.0000000000000        4107.0316167106803     
   5370.0000000000000        4115.3613011744483     
   5380.0000000000000        4122.3496682756822     
   5390.0000000000000        4130.9503275260768     
   5400.0000000000000        4140.2250391727985     
   5410.0000000000000        4147.2464028147879     
   5420.0000000000000        4153.7066177771621     
   5430.0000000000000        4161.7182402818789     
   5440.0000000000000        4169.1769036680580     
   5450.0000000000000        4177.4820529263088     
   5460.0000000000000        4184.9746820293603     
   5470.0000000000000        4191.8706205193375     
   5480.0000000000000        4200.6361396406937     
   5490.0000000000000        4209.4748272930519     
   5500.0000000000000        4217.1735529898469     
   5510.0000000000000        4223.7303787730125     
   5520.0000000000000        4231.6225979069786     
   5530.0000000000000        4239.5793727073496     
   5540.0000000000000        4246.6427248344953     
   5550.0000000000000        4255.0151508372564     
   5560.0000000000000        4262.2500060337470     
   5570.0000000000000        4269.6575890127888     
   5580.0000000000000        4277.6853175505003     
   5590.0000000000000        4284.5338201769073     
   5600.0000000000000        4293.3734808320787     
   5610.0000000000000        4302.6314656373379     
   5620.0000000000000        4310.1077514302733     
   5630.0000000000000        4317.9491346909545     
   5640.0000000000000        4326.5067222759026     
   5650.0000000000000        4333.3690959476162     
   5660.0000000000000        4340.5736445289713     
   5670.0000000000000        4348.7566511085506     
   5680.0000000000000        4355.1886296842749     
   5690.0000000000000        4362.9834420080506     
   5700.0000000000000        4369.5713526190057     
   5710.0000000000000        4377.7223004771377     
   5720.0000000000000        4384.8124202614244     
   5730.0000000000000        4393.0314487839378     
   5740.0000000000000        4401.0052027939873     
   5750.0000000000000        4408.0624502088922     
   5760.0000000000000        4415.9055199977456     
   5770.0000000000000        4422.8690547572951     
   5780.0000000000000        4430.5187847360030     
   5790.0000000000000        4437.1124442569635     
   5800.0000000000000        4444.0617758235867     
   5810.0000000000000        4451.6790445984652     
   5820.0000000000000        4459.1565178538249     
   5830.0000000000000        4467.4227003910419     
   5840.0000000000000        4474.8791177886478     
   5850.0000000000000        4481.5142047744521     
   5860.0000000000000        4489.6626363065689     
   5870.0000000000000        4497.5406791273490     
   5880.0000000000000        4504.0990726027676     
   5890.0000000000000        4511.2570990454005     
   5900.0000000000000        4519.8507301985601     
   5910.0000000000000        4527.3114250412646     
   5920.0000000000000        4534.1257192967196     
   5930.0000000000000        4541.0356030621551     
   5940.0000000000000        4548.1731133716830     
   5950.0000000000000        4556.1957289687225     
   5960.0000000000000        4564.2367799613885     
   5970.0000000000000        4572.0845947089419     
   5980.0000000000000        4579.5371865605084     
   5990.0000000000000        4586.8245620965463     
   6000.0000000000000        4593.0248061659568     
   6010.0000000000000        4600.5282722928860     
   6020.0000000000000        4607.7328947821816     
   6030.0000000000000        4616.5166777469021     
   6040.0000000000000        4622.8289766258540     
   6050.0000000000000        4630.4646537294784     
   6060.0000000000000        4638.1130322294166     
   6070.0000000000000        4645.6485416269170     
   6080.0000000000000        4651.5917921704340     
   6090.0000000000000        4658.8907995685331     
   6100.0000000000000        4667.3573486474334     
   6110.0000000000000        4675.7422599810552     
   6120.0000000000000        4685.1835756599557     
   6130.0000000000000        4694.0078302504298     
   6140.0000000000000        4701.8660745058314     
   6150.0000000000000        4709.0499004808480     
   6160.0000000000000        4717.0150525508743     
   6170.0000000000000        4726.0534465726059     
   6180.0000000000000        4733.0785207858353     
   6190.0000000000000        4740.4002669165011     
   6200.0000000000000        4748.0466101692036     
   6210.0000000000000        4755.3574091842347     
   6220.0000000000000        4763.6114407772329     
   6230.0000000000000        4771.2163816922312     
   6240.0000000000000        4777.8863817052425     
   6250.0000000000000        4785.2730446563210     
   6260.0000000000000        4793.3428969327879     
   6270.0000000000000        4801.0700030646703     
   6280.0000000000000        4808.8045874429545     
   6290.0000000000000        4816.4148733562060     
   6300.0000000000000        4823.4619383743157     
   6310.0000000000000        4831.5253751791288     
   6320.0000000000000        4839.9082250838428     
   6330.0000000000000        4847.2533139080160     
   6340.0000000000000        4855.3459269376626     
   6350.0000000000000        4862.5160246779378     
   6360.0000000000000        4870.4433856947126     
   6370.0000000000000        4878.4542744765686     
   6380.0000000000000        4886.8174148690277     
   6390.0000000000000        4893.6642191121446     
   6400.0000000000000        4901.3740836955931     
   6410.0000000000000        4909.8009921038047     
   6420.0000000000000        4916.7067183433319     
   6430.0000000000000        4924.1579097323975     
   6440.0000000000000        4932.7693170163975     
   6450.0000000000000        4940.1876121725772     
   6460.0000000000000        4948.3045170100122     
   6470.0000000000000        4957.4855086518082     
   6480.0000000000000        4964.6193715587078     
   6490.0000000000000        4973.1659490189131     
   6500.0000000000000        4981.0073344092834     
   6510.0000000000000        4988.8567287432788     
   6520.0000000000000        4996.1091072991685     
   6530.0000000000000        5003.8333067029989     
   6540.0000000000000        5010.0123652621842     
   6550.0000000000000        5018.2133047196894     
   6560.0000000000000        5026.0423292614269     
   6570.0000000000000        5033.4205589438261     
   6580.0000000000000        5040.8660663573937     
   6590.0000000000000        5048.7790529883923     
   6600.0000000000000        5055.9760721844868     
   6610.0000000000000        5063.1044142486780     
   6620.0000000000000        5070.8815783324562     
   6630.0000000000000        5077.5083733344882     
   6640.0000000000000        5087.1570153848243     
   6650.0000000000000        5095.7525844860675     
   6660.0000000000000        5103.7114211750923     
   6670.0000000000000        5111.2793405584807     
   6680.0000000000000        5118.4358864351261     
   6690.0000000000000        5126.0290479869909     
   6700.0000000000000        5132.5622416976139     
   6710.0000000000000        5139.5132196978602     
   6720.0000000000000        5147.6575032636410     
   6730.0000000000000        5154.7710553166853     
   6740.0000000000000        5161.8982541559562     
   6750.0000000000000        5169.5191791690550     
   6760.0000000000000        5178.0098926611117     
   6770.0000000000000        5186.1225999769895     
   6780.0000000000000        5194.3879501454931     
   6790.0000000000000        5202.2607685931689     
   6800.0000000000000        5209.3538250414394     
   6810.0000000000000        5216.4287380827273     
   6820.0000000000000        5224.1536052040101     
   6830.0000000000000        5232.5154290262071     
   6840.0000000000000        5240.8096133872396     
   6850.0000000000000        5249.7618532544166     
   6860.0000000000000        5258.4576468800160     
   6870.0000000000000        5266.3677063614732     
   6880.0000000000000        5276.5747643303484     
   6890.0000000000000        5284.6266944315876     
   6900.0000000000000        5291.4473985192772     
   6910.0000000000000        5298.4883083620653     
   6920.0000000000000        5305.3833640584544     
   6930.0000000000000        5312.4825211744383     
   6940.0000000000000        5320.1530094305135     
   6950.0000000000000        5329.0540000613619     
   6960.0000000000000        5337.2657618080002     
   6970.0000000000000        5345.4368895290208     
   6980.0000000000000        5352.7043246892126     
   6990.0000000000000        5360.2367534392970     
   7000.0000000000000        5368.8664621757880     
   7010.0000000000000        5376.6482600917816     
   7020.0000000000000        5384.4254808070518     
   7030.0000000000000        5391.8137882453948     
   7040.0000000000000        5399.4344305989043     
   7050.0000000000000        5406.6049104274707     
   7060.0000000000000        5414.7171567723326     
   7070.0000000000000        5421.1901791308010     
   7080.0000000000000        5428.7486674177017     
   7090.0000000000000        5435.7008358798312     
   7100.0000000000000        5443.6823612231119     
   7110.0000000000000        5451.2916608851992     
   7120.0000000000000        5458.6075851216365     
   7130.0000000000000        5465.5839968143664     
   7140.0000000000000        5472.6389436367681     
   7150.0000000000000        5481.2289516513756     
   7160.0000000000000        5489.5552352520681     
   7170.0000000000000        5497.2729472212986     
   7180.0000000000000        5505.0699322764631     
   7190.0000000000000        5511.9611579905186     
   7200.0000000000000        5519.5846888476653     
   7210.0000000000000        5527.8277624664488     
   7220.0000000000000        5535.6070640797352     
   7230.0000000000000        5541.9447902609427     
   7240.0000000000000        5550.4717444359549     
   7250.0000000000000        5557.4459037185870     
   7260.0000000000000        5565.2159857206707     
   7270.0000000000000        5573.3890831256540     
   7280.0000000000000        5579.6946701012585     
   7290.0000000000000        5586.2597765327910     
   7300.0000000000000        5593.3129802978601     
   7310.0000000000000        5601.3818728997603     
   7320.0000000000000        5608.9749642768757     
   7330.0000000000000        5617.1304080971795     
   7340.0000000000000        5625.0213541050625     
   7350.0000000000000        5632.8568168589836     
   7360.0000000000000        5639.8367978165497     
   7370.0000000000000        5647.5601096437404     
   7380.0000000000000        5655.8423612182096     
   7390.0000000000000        5663.5007672836027     
   7400.0000000000000        5672.0020361948664     
   7410.0000000000000        5679.6664823927158     
   7420.0000000000000        5686.2125820387628     
   7430.0000000000000        5692.6503411357171     
   7440.0000000000000        5698.8041249080643     
   7450.0000000000000        5705.7980526697402     
   7460.0000000000000        5713.3299645641073     
   7470.0000000000000        5720.6408722441302     
   7480.0000000000000        5728.6928614722692     
   7490.0000000000000        5735.8588720354073     
   7500.0000000000000        5744.1867513110737     
   7510.0000000000000        5751.5195814122189     
   7520.0000000000000        5760.1383930600477     
   7530.0000000000000        5767.5744546390406     
   7540.0000000000000        5775.8301495366541     
   7550.0000000000000        5782.7900468003154     
   7560.0000000000000        5790.8325674757189     
   7570.0000000000000        5798.3950494810779     
   7580.0000000000000        5806.9972002925442     
   7590.0000000000000        5815.2131265521466     
   7600.0000000000000        5823.5599040283232     
   7610.0000000000000        5830.8817451638333     
   7620.0000000000000        5838.1633097247359     
   7630.0000000000000        5845.4334280202656     
   7640.0000000000000        5853.8036833739843     
   7650.0000000000000        5861.8227688785819     
   7660.0000000000000        5869.1680565061215     
   7670.0000000000000        5876.2018156627437     
   7680.0000000000000        5884.3854731615520     
   7690.0000000000000        5892.1515498351700     
   7700.0000000000000        5900.4107660173495     
   7710.0000000000000        5907.7424645236997     
   7720.0000000000000        5915.1208397811433     
   7730.0000000000000        5923.1797368520629     
   7740.0000000000000        5930.7445963938526     
   7750.0000000000000        5937.2875691392137     
   7760.0000000000000        5945.5055658973988     
   7770.0000000000000        5952.9154427216181     
   7780.0000000000000        5962.9042781990984     
   7790.0000000000000        5971.7787261974890     
   7800.0000000000000        5979.1777364260161     
   7810.0000000000000        5986.8502865312112     
   7820.0000000000000        5995.0492113599721     
   7830.0000000000000        6003.1405584886325     
   7840.0000000000000        6011.6770764924950     
   7850.0000000000000        6018.6231095772728     
   7860.0000000000000        6026.0455278749714     
   7870.0000000000000        6033.2141495115757     
   7880.0000000000000        6041.5854532509429     
   7890.0000000000000        6048.7038165014701     
   7900.0000000000000        6057.1681018558229     
   7910.0000000000000        6064.8040928200826     
   7920.0000000000000        6072.2345259455560     
   7930.0000000000000        6080.7104142623321     
   7940.0000000000000        6088.6968807757648     
   7950.0000000000000        6096.0976148740774     
   7960.0000000000000        6104.9223578484307     
   7970.0000000000000        6112.2080218609526     
   7980.0000000000000        6119.3580408188336     
   7990.0000000000000        6127.0693056766977     
   8000.0000000000000        6132.9683881177834     
   8010.0000000000000        6140.8524462421910     
   8020.0000000000000        6147.4917339770072     
   8030.0000000000000        6155.1388640422665     
   8040.0000000000000        6163.7694232329268     
   8050.0000000000000        6171.7781096572198     
   8060.0000000000000        6179.3096836091827     
   8070.0000000000000        6186.7555859884087     
   8080.0000000000000        6195.7300536806788     
   8090.0000000000000        6203.1874067709095     
   8100.0000000000000        6210.4012922740540     
   8110.0000000000000        6217.4039017292889     
   8120.0000000000000        6224.6131103193047     
   8130.0000000000000        6233.0432305233662     
   8140.0000000000000        6239.5646676453016     
   8150.0000000000000        6247.3074780964325     
   8160.0000000000000        6254.5095220894354     
   8170.0000000000000        6261.8522886503106     
   8180.0000000000000        6268.3814749158719     
   8190.0000000000000        6277.2527413126882     
   8200.0000000000000        6285.3296232701423     
   8210.0000000000000        6293.4482612975034     
   8220.0000000000000        6302.8867416479407     
   8230.0000000000000        6311.2120621918930     
   8240.0000000000000        6318.1684637110748     
   8250.0000000000000        6325.7412070638638     
   8260.0000000000000        6334.1767988318625     
   8270.0000000000000        6342.0881279319283     
   8280.0000000000000        6349.9800732762114     
   8290.0000000000000        6357.4266184279086     
   8300.0000000000000        6365.3249785354510     
   8310.0000000000000        6373.2710138462517     
   8320.0000000000000        6379.5126830908002     
   8330.0000000000000        6386.5878458736997     
   8340.0000000000000        6394.1094468307156     
   8350.0000000000000        6402.5753564668239     
   8360.0000000000000        6410.6936328047977     
   8370.0000000000000        6418.0144544210661     
   8380.0000000000000        6425.5426163964576     
   8390.0000000000000        6433.6769330852967     
   8400.0000000000000        6441.9695719726806     
   8410.0000000000000        6449.3461804437884     
   8420.0000000000000        6457.3118055134919     
   8430.0000000000000        6463.8446525609852     
   8440.0000000000000        6472.6648664683926     
   8450.0000000000000        6480.0280943161724     
   8460.0000000000000        6486.6240598844106     
   8470.0000000000000        6494.1706122885134     
   8480.0000000000000        6501.0890873844955     
   8490.0000000000000        6509.7912125525181     
   8500.0000000000000        6517.4044572527564     
   8510.0000000000000        6524.7223551685011     
   8520.0000000000000        6532.8441492691627     
   8530.0000000000000        6541.6800279542258     
   8540.0000000000000        6550.0444675706394     
   8550.0000000000000        6558.2363716976724     
   8560.0000000000000        6564.9074072911098     
   8570.0000000000000        6572.4358502586438     
   8580.0000000000000        6580.2255457189331     
   8590.0000000000000        6588.8609145146947     
   8600.0000000000000        6595.3868335504758     
   8610.0000000000000        6603.1066455523514     
   8620.0000000000000        6609.6211941818156     
   8630.0000000000000        6616.6667279138710     
   8640.0000000000000        6623.6905231014962     
   8650.0000000000000        6630.8665879590872     
   8660.0000000000000        6639.1730585116711     
   8670.0000000000000        6647.2252850645500     
   8680.0000000000000        6655.1008864470941     
   8690.0000000000000        6662.4339038249545     
   8700.0000000000000        6669.5317641925240     
   8710.0000000000000        6677.3341277781210     
   8720.0000000000000        6684.8872289089577     
   8730.0000000000000        6692.0350387218978     
   8740.0000000000000        6699.9276072664306     
   8750.0000000000000        6707.4428994576892     
   8760.0000000000000        6715.3260921453066     
   8770.0000000000000        6723.0629818429888     
   8780.0000000000000        6729.9313538430806     
   8790.0000000000000        6737.5081731125820     
   8800.0000000000000        6745.2101007554020     
   8810.0000000000000        6753.1917237740654     
   8820.0000000000000        6760.0961119630465     
   8830.0000000000000        6767.7189217149044     
   8840.0000000000000        6775.3355798243183     
   8850.0000000000000        6782.9629935524090     
   8860.0000000000000        6790.3545023357974     
   8870.0000000000000        6797.9357936425868     
   8880.0000000000000        6806.7175530148907     
   8890.0000000000000        6816.0317784607669     
   8900.0000000000000        6823.8257645259800     
   8910.0000000000000        6831.4012043930661     
   8920.0000000000000        6839.2587280649677     
   8930.0000000000000        6846.5235842091706     
   8940.0000000000000        6853.6151378033310     
   8950.0000000000000        6861.8013195799485     
   8960.0000000000000        6869.3237205966943     
   8970.0000000000000        6877.4009693920634     
   8980.0000000000000        6885.8105141489414     
   8990.0000000000000        6893.7564438327645     
   9000.0000000000000        6902.4624442212544     
   9010.0000000000000        6909.3377270417805     
   9020.0000000000000        6917.6465532457833     
   9030.0000000000000        6926.2590372652303     
   9040.0000000000000        6934.6806052399425     
   9050.0000000000000        6941.2589860950302     
   9060.0000000000000        6949.5125372644352     
   9070.0000000000000        6956.5847370976326     
   9080.0000000000000        6964.4752768540875     
   9090.0000000000000        6972.2510585271384     
   9100.0000000000000        6979.7595276788870     
   9110.0000000000000        6986.7177786060520     
   9120.0000000000000        6994.9481285056645     
   9130.0000000000000        7003.5544631641060     
   9140.0000000000000        7009.9117339157201     
   9150.0000000000000        7017.5397518166083     
   9160.0000000000000        7024.1758509546689     
   9170.0000000000000        7032.1970013000528     
   9180.0000000000000        7040.4907493710625     
   9190.0000000000000        7048.7276214712520     
   9200.0000000000000        7056.7268558769720     
   9210.0000000000000        7065.3123070453348     
   9220.0000000000000        7072.6465859719492     
   9230.0000000000000        7080.6084976982593     
   9240.0000000000000        7088.3327073628561     
   9250.0000000000000        7096.4746646476979     
   9260.0000000000000        7103.1944094293531     
   9270.0000000000000        7110.6505042977806     
   9280.0000000000000        7118.3347219188745     
   9290.0000000000000        7126.5238299269113     
   9300.0000000000000        7133.7424136412583     
   9310.0000000000000        7141.6747701760214     
   9320.0000000000000        7149.5095447323347     
   9330.0000000000000        7157.0174039585263     
   9340.0000000000000        7165.0285859615124     
   9350.0000000000000        7172.3911312209702     
   9360.0000000000000        7179.3528898465320     
   9370.0000000000000        7186.5095347820115     
   9380.0000000000000        7195.7327626209226     
   9390.0000000000000        7203.6884607069633     
   9400.0000000000000        7210.6528273340264     
   9410.0000000000000        7217.8886255428160     
   9420.0000000000000        7226.5100057424979     
   9430.0000000000000        7233.8392629577484     
   9440.0000000000000        7241.5196937765668     
   9450.0000000000000        7248.6412869980431     
   9460.0000000000000        7255.6200088290389     
   9470.0000000000000        7263.3241433003695     
   9480.0000000000000        7270.7990585154039     
   9490.0000000000000        7279.2013967745625     
   9500.0000000000000        7286.6941875957200     
   9510.0000000000000        7294.5298142711490     
   9520.0000000000000        7302.1295367573366     
   9530.0000000000000        7310.8726830457636     
   9540.0000000000000        7318.6263653599262     
   9550.0000000000000        7326.5871933154322     
   9560.0000000000000        7335.3297201346713     
   9570.0000000000000        7342.4922256337122     
   9580.0000000000000        7349.9966320636076     
   9590.0000000000000        7357.5758054097423     
   9600.0000000000000        7364.7860815359372     
   9610.0000000000000        7372.0843044647063     
   9620.0000000000000        7380.8955280265491     
   9630.0000000000000        7387.7494037600454     
   9640.0000000000000        7395.7356932774101     
   9650.0000000000000        7402.1921444932759     
   9660.0000000000000        7409.1878100193517     
   9670.0000000000000        7417.8128772917480     
   9680.0000000000000        7425.3934048758210     
   9690.0000000000000        7432.9247520740391     
   9700.0000000000000        7440.8232337273748     
   9710.0000000000000        7448.6355039484788     
   9720.0000000000000        7456.9702757026917     
   9730.0000000000000        7464.5685228118082     
   9740.0000000000000        7472.3762884790067     
   9750.0000000000000        7480.6619437964719     
   9760.0000000000000        7489.1726825312817     
   9770.0000000000000        7496.2299489506395     
   9780.0000000000000        7504.0297670625077     
   9790.0000000000000        7512.5797030147514     
   9800.0000000000000        7520.8696324626771     
   9810.0000000000000        7529.6477020567863     
   9820.0000000000000        7538.8686344364005     
   9830.0000000000000        7547.0086317243204     
   9840.0000000000000        7553.8757070009551     
   9850.0000000000000        7560.4652788118146     
   9860.0000000000000        7568.0825573198208     
   9870.0000000000000        7576.5172421824154     
   9880.0000000000000        7584.1372819992594     
   9890.0000000000000        7591.2060387081074     
   9900.0000000000000        7598.8656816379889     
   9910.0000000000000        7607.0240463093342     
   9920.0000000000000        7615.0152988251184     
   9930.0000000000000        7622.9143688799695     
   9940.0000000000000        7630.2956779655078     
   9950.0000000000000        7638.0719475383821     
   9960.0000000000000        7645.2350142285686     
   9970.0000000000000        7652.5091664174324     
   9980.0000000000000        7659.6721396362827     
